manuscript/Book.txt
  h_32d60cd4daf66e 21-28,30-40,44,50,52
manuscript/acquisition-adds-work-first.md
  h_32d60cd4daf66e 2,4,8,10,18,20,22,24,26-27,29-33,35,40,44,56,58,72,76,84,149,173,192,214,230,232,254
manuscript/adopt-outcome-thinking.md
  h_32d60cd4daf66e 1-226
manuscript/ai-strategy-three-questions.md
  h_32d60cd4daf66e 2,4,8,10,18,20,22,24-25,27,29,31,33-35,44,59,84,111,128,144,146,170,191,208,210
manuscript/ai-worth-its-cost.md
  h_32d60cd4daf66e 1-262
manuscript/anatomy-of-a-layoff.md
  h_32d60cd4daf66e 2,4,20,22-27,33,35,37,39-40,58,77,99,122,149,153,162,178,206,214,218,232,264,301
manuscript/announcement-is-not-a-budget.md
  h_32d60cd4daf66e 8,15-16,18,20,22,24,26-28,33,37-38,41,43,57,73,77,105,107,166,173
manuscript/bibliography.md
  h_32d60cd4daf66e 2,16,27-28,34,56,63,70,208,748,757,766,1018,1027,1036,1045,1147
manuscript/can-the-team-deliver.md
  h_32d60cd4daf66e 2,4,8,10,18,20,22,24-31,40,51,53,55,62,84,86,88,92,114,126,134,154
manuscript/cannot-fund-everything.md
  h_32d60cd4daf66e 2,4,8,10,18,20-31,63,67,72,85,105,109,120,122,129,137,149,151,153
manuscript/cheaper-cloud-bill.md
  h_32d60cd4daf66e 2,4,8,10,20,22,24,26-27,29,31-33,40,48,54,73,79,92,99,123,125,127,135,139,150,172,182,186,188,190,192
manuscript/customers-lenders-investors.md
  h_32d60cd4daf66e 8,10,16,18,20,22-23,55,57,66,93,95,102,115,129,133
manuscript/decide-who-decides.md
  h_32d60cd4daf66e 8,10,18,20,22,24,26-33,47,55,57,62,78,122,135,137,143,151,195
manuscript/different-bets.md
  h_32d60cd4daf66e 8,10,14,18,20,22-23,25,27-31,36,38,40-42,47,51,53,55,58-59,62,69,71,73,75,80,89,91,98,100,110,112,120,122,133,139,157,159,164,170,197,204,218,220,225,227,229,231,236,238
manuscript/diligence-corrects-the-plan.md
  h_32d60cd4daf66e 2,4,18,20,22,24,26-27,29-31,33,38,71,78,82,89,172,196,205
manuscript/export-manifest.json
  h_32d60cd4daf66e 18-71,162-210,215-229,236,243-250,257-260,264-274,278-281,285-288,292-295,299,306-309,313-316,320-323,327-330,334-337,341-343,348,355,362,369-371,376,383,390,397,404,467-474,476-486,490,496,498,526-531,659-665,689-692,759-762,766-769,771-776,778-783,785-790,792-797,799-804,806-811,813-818,820-825,827-832,834-835,841-842,848-849,855-856,862-863,869-870,876-877,883-884,890-891,897-898,904-905,911-912,918-919,925-926,932-933,939-940,946-1155,1158-1395,1401-1406,1408-1409,1415-1416,1422-1423,1429-1430,1436-1437,1443-1444,1450-1451,1457-1458,1464-1465,1471-1476,1478-1479,1485-1486,1492-1493,1499-1500,1506-1507,1513-1514,1520-1521,1527-1528,1534-1535,1541-1542,1548-1549,1555-1556,1562-1563,1569-1570,1576-1577,1683-1687,1689-1691,1696-1703,1705-1738,1756,1768-1873,1887,1890,1892-1903,1907-1920
manuscript/first-hundred-days.md
  h_32d60cd4daf66e 2,4,8,15,20,22-27,38,53,83,85,110,139,150,165,175,189,243
manuscript/fix-decisions-before-hiring.md
  h_32d60cd4daf66e 2,4,8,10,18,20,22-27,33,53,77,87,98,106,108,110,115,133,149,160,166,185,198,234
manuscript/fund-economics.md
  h_32d60cd4daf66e 2,23
manuscript/glossary.md
  h_32d60cd4daf66e 2,28,92,155,211,213,304,307,329,367,386
manuscript/grounded-architecture-portfolio.md
  h_32d60cd4daf66e 2,16,20,25,43,48,56,64,75,96,100,114,125,130,132,145
manuscript/growth-into-design.md
  h_32d60cd4daf66e 2,4,8,10,15,18,20,22-33,61,85,94,123,127,135,145,160,162,164,168,172,179
manuscript/handover-of-obligations.md
  h_32d60cd4daf66e 2,4,8,10,18,20,22-24,38,46,59,126,130,132,158,184,188
manuscript/have-your-numbers-ready.md
  h_32d60cd4daf66e 1-2,4,6,8,10,14-16,18,20,22,24-25,27,29-37,40,42,44,46,48-49,51,53,55-56,58,60-68,70,72,74-75,77,79-87,89,91,93-94,96,98-104,106,108,110-111,113,115-120,122-148,150,152,154-157,159-183,185,187-194,196,198,200,202-203,205,207-210,212,214,217,219,221,223,225-235,237-238,240,242-243,245,247-249,251,253,255-256,258,260-262,264-265,267,269,271-273,275,277,279-290,292,294,296,299,301-307,309-310,312,314,316,318-319,321,323,325,327,329,331,333,337-340,342,346-350,352,354
manuscript/help-that-changes-capability.md
  h_32d60cd4daf66e 2,4,8,10,14-15,18,20,22,24-29,67,78,85,121,148,156,161,165,167,191
manuscript/hilton-and-skype.md
  h_32d60cd4daf66e 2,4,18,20-27,36,41,51,64,66,90,117,126,132,136
manuscript/introduction.md
  h_32d60cd4daf66e 36,49,54-55,57,60-61,93-98,102,104,106,123,128,133,170-228
manuscript/investor-under-pressure.md
  h_32d60cd4daf66e 8,10,18,20,22,24,26-27,29-40,45,47,51,55,86,88,95,103,112,142,168,184,186,195,218,224,226
manuscript/investors-adviser.md
  h_32d60cd4daf66e 2,4,8,10,15,20,22,24,31,33,37,46,61,74,76,87,101,105,107,116,124,133
manuscript/learn-through-investors-network.md
  h_32d60cd4daf66e 2,4,8,10,15,18,20-22,26-27,33,39,46,48,68,70,85,90,96,98,111,128,139
manuscript/manage-technical-debt.md
  h_32d60cd4daf66e 1-227
manuscript/obligations-before-budget.md
  h_32d60cd4daf66e 8,10,14-16,18,20,22-23,25,27-35,40,66,70,89,106,133,202,207,215,224,228,259
manuscript/operating-model-blueprints.md
  h_32d60cd4daf66e 2,4,10,12,14,16,18,23,25,27,29,31,38,42-49,51,56,65,82,99,105,107,118,126,130,139,149,151,156,160,175,181,185,189,209,216,220
manuscript/part-1.md
  h_32d60cd4daf66e 6,8,10,12,14,16
manuscript/part-2.md
  h_32d60cd4daf66e 8,10,12,14,19,21,26,28
manuscript/part-3.md
  h_32d60cd4daf66e 2,4,6,8,10,12,17,19,21,23-28,30,32
manuscript/part-4.md
  h_32d60cd4daf66e 2,4,6,8,10,12-14,19-34,36,38,40,42,44
manuscript/part-5.md
  h_32d60cd4daf66e 2,4,6,8,10,12,17,19,21,23-25,27-37
manuscript/part-6.md
  h_32d60cd4daf66e 2,4,6,8,10,12,17,19,21-24,26-28
manuscript/part-7.md
  h_32d60cd4daf66e 1-27
manuscript/part-8.md
  h_32d60cd4daf66e 1-29
manuscript/prove-you-can-restore.md
  h_32d60cd4daf66e 2,4,8,10,18,22,24,26,28-29,31,33-37,73,84,91,119,133,137,139
manuscript/raise-what-you-need.md
  h_32d60cd4daf66e 8,10,20,22,24,112,114,116,122,131,138
manuscript/roadmap-to-revenue.md
  h_32d60cd4daf66e 2,4,8,16,18,20,22-24,31-34,36,38,40,66,80,85,113,121,142,169,201,221,223
manuscript/scale-the-team-with-ai.md
  h_32d60cd4daf66e 1-318
manuscript/section-10.md
  h_32d60cd4daf66e 1,4
manuscript/section-11.md
  h_32d60cd4daf66e 1
manuscript/success-for-whom.md
  h_32d60cd4daf66e 2,4,10,16,18,20,22,29,31,41,50,63,65,96,115,120,139,143
manuscript/teamsystem.md
  h_32d60cd4daf66e 2,4,10,14,16,18,20,22,24,29,31,33,47,74,94,105,107,144,146,169,171,177,179,206
manuscript/tech-operating-partner.md
  h_32d60cd4daf66e 2,4,6-10,14,18-26,28-29,31,33,35-37,39,61,84,86,103,112,125,136,146,169,183,190,196,211
manuscript/the-financing-slipped.md
  h_32d60cd4daf66e 2,4,8,18-23,25,27,29,31-34,36,47,52,73,75,132,137,139,146,172,180,182,191,195,197
manuscript/three-different-returns.md
  h_32d60cd4daf66e 10,18,20,22-24,29,41,58,72,79,100,118,160,162
manuscript/toolkit.md
  h_32d60cd4daf66e 2,19,36,40,44,88,383,422
manuscript/toys-r-us.md
  h_32d60cd4daf66e 2,4,8,18,20,22,24-25,27,29,31-33,58,70,90,106,121,123,130,150,159
manuscript/useful-engagement.md
  h_32d60cd4daf66e 2,4,8,10,14-15,18,20,22,24,26,28-29,31,33-49,61,80,82,113,115,138,165,167
manuscript/valuation-is-an-estimate.md
  h_32d60cd4daf66e 8,10,15-16,18,20,22-23,25-26,74,80,82-83,103,111,118,139,148,181
manuscript/visma.md
  h_32d60cd4daf66e 2,4,18,20,22-27,31,33,40,44,63,67,76,83,87,103,107,114,124,128,137
---
{
  "schema_version": "authorship/3.0.0",
  "git_ai_version": "1.7.4",
  "base_commit_sha": "4d8758e96fdb986d3b56d6fc7caa81c50570d0b6",
  "prompts": {},
  "humans": {
    "h_32d60cd4daf66e": {
      "author": "Zeljko Obrenovic <zeljkoobrenovic@yahoo.com>"
    }
  }
}