manuscript/Book.txt
  h_32d60cd4daf66e 6-11,13-15,17,19-22,26-30,32-33,35-36,39-41,43,45
manuscript/adopt-outcome-thinking.md
  h_32d60cd4daf66e 34,36,74,109,118,161,188,192,203
manuscript/assess-capability.md
  h_32d60cd4daf66e 1,4,27,29,38,41,60,64,73,84,97,103,127,131,139,141,157,159,167
manuscript/assess-investor-fit.md
  h_32d60cd4daf66e 1,4,29,36,43,58,78,82,89,91,104,106,110,141,143,180,191,203,221,225,227,235
manuscript/bibliography.md
  h_32d60cd4daf66e 12,29-31,33-37,41-42,49,66,71,73,85,94,103,112,130,139,166,193,202,211,220,229,238,247,256,265,274,292,319,346,391,535,544,553,562,571,580,589,598,607,616,715,742,751,760,769,778,787,796,805,814,823,832,841,850,859,868,877,886,895,904,913,922,931,940,949,958,967,1010,1019,1028,1037,1055,1064,1073,1082,1091,1100,1150
manuscript/book-title.md
  h_32d60cd4daf66e 17
manuscript/build-test-resilience.md
  h_32d60cd4daf66e 1,4,29,33,38,42,57,76,80,83,89,91,98,105,113,122,126,131,133,136,138,140,142,150
manuscript/choose-right-help.md
  h_32d60cd4daf66e 1,4,27,29,32,34,39,48,63,68,72,81,97,104,138,140,155,157,164,166,170,177,179,187
manuscript/clarify-adviser-role.md
  h_32d60cd4daf66e 1,4,29,31,48,64,66,70,73,81,85,118,123,135,145,147,155,159
manuscript/clarify-ai-strategy.md
  h_32d60cd4daf66e 1,4,28,37,39,43,56,98,105,115,180,199,210,214,216,224
manuscript/clarify-authority.md
  h_32d60cd4daf66e 1,4,31,40,64,81,85,101,112,117,127,129,132,185,189,196,198,201,203,208,210,218
manuscript/compare-incentives-stakes.md
  h_32d60cd4daf66e 1,4,26,28,39,68,72,81,97,130,134,143,165,188,194,214,226,231,235,240,242,244,252
manuscript/evaluate-ai-costs.md
  h_32d60cd4daf66e 1,4,25,27,32,34,36,41,47,72,86,100,125,145,147,153,160,172,206,226,235,237,239,247
manuscript/evaluate-cloud-costs.md
  h_32d60cd4daf66e 1,4,26,28,30,39,60,74,83,87,96,100,143,150,154,161,174,188,190,197
manuscript/export-manifest.json
  h_32d60cd4daf66e 18-19,21-72,97-99,104-106,111-113,118-120,125-127,132-134,146-148,153-155,160-162,174-176,188-190,195-197,202-204,209-211,237-239,244-246,251-253,258-260,265-267,279-281,286-288,300-302,307-309,328-330,335-337,342-344,356-358,370-372,460-465,467-469,471,473-476,480-484,486-487,489-490,493-495,497,499,543-549,669-670,676-677,683-684,690-691,697-698,704-705,711-712,718-719,725-726,732-733,739-740,746-747,753-754,760-761,767-768,774-775,781-782,788-789,795-796,802-803,823-824,830-831,837-838,844-845,851-852,858-859,865-866,872-873,879-880,900-901,907-908,914-915,921-922,928-929,935-936,942-943,949-950,984-985,991-992,998-999,1005-1006,1012-1013,1019-1020,1026-1027,1033-1034,1040-1041,1047-1048,1054-1055,1061-1062,1068-1069,1187-1188,1194-1195,1201-1202,1208-1209,1215-1216,1222-1223,1229-1230,1236-1237,1243-1244,1250-1251,1257-1258,1264-1265,1271-1272,1278-1279,1299-1300,1306-1307,1313-1314,1320-1321,1327-1328,1334-1335,1369-1370,1376-1377,1383-1384,1390-1391,1397-1398,1404-1405,1453-1454,1460-1461,1467-1468,1474-1475,1481-1482,1488-1489,1495-1496,1502-1503,1509-1510,1516-1517,1537-1538,1544-1545,1551-1552,1558-1559,1565-1566,1572-1573,1579-1580,1586-1587,1607-1608,1614-1615,1621-1622,1628-1629,1635-1636,1642-1643,1649-1650,1656-1657,1663-1664,1670-1671,1677-1678,1684-1685,1691-1692,1698-1699,1705-1706,1815-1816,1818-1820,1825-1860,1862-1898,1903-1915,1930-1950,1955-1960,1965-1996,2008,2046-2048,2050,2052-2067
manuscript/first-hundred-days.md
  h_32d60cd4daf66e 4,31,42,65,108,118,128,141,152,165,176,186,245
manuscript/fund-economics.md
  h_32d60cd4daf66e 19,84,89,97
manuscript/glossary.md
  h_32d60cd4daf66e 51,58,78,97,99,108,115,142,151-154,160,168-169,176,190,201,223,253,268,290,305-306,309,312,317,322,329,333,352,357,372,398,402-404
manuscript/grounded-architecture-portfolio.md
  h_32d60cd4daf66e 25,43-46,59,76,80,90,101,108-109,111,135,137,139,148,162,164,166,168,171
manuscript/have-your-numbers-ready.md
  h_32d60cd4daf66e 46,62,134,148,150,216,233,239,294,314,331
manuscript/hilton-and-skype.md
  h_32d60cd4daf66e 4,131,137
manuscript/introduction.md
  h_32d60cd4daf66e 11,14,16,18,23,25,27,29,31,36,38,40-41,48-61,66,68,70,74,76,78,80,93-94,98,115,117-122,124,126,131,133,138,140,142,153-158,164-166,172,174-177,185-189,195-196,198-199,206-208,214,216,231,240-263
manuscript/learn-through-investors-network.md
  h_32d60cd4daf66e 84,151,165
manuscript/manage-funding-delays.md
  h_32d60cd4daf66e 1,4,25,34,36,52,70,78,103,106,133,135,142,168,181,183,186,190,194,196,198,205,213
manuscript/manage-handover.md
  h_32d60cd4daf66e 1,4,27,29,43,45,47,51,78,99,108,133,135,140,142,152,156,161,164,180,187,189,196
manuscript/manage-technical-debt.md
  h_32d60cd4daf66e 28,37,46-47,64,67,79,81,88,94,118,136,138,164,180,207
manuscript/part-1.md
  h_32d60cd4daf66e 30-35
manuscript/part-2.md
  h_32d60cd4daf66e 29-31,34
manuscript/part-3.md
  h_32d60cd4daf66e 27,29-32,36
manuscript/part-4.md
  h_32d60cd4daf66e 37-39,43,47
manuscript/part-5.md
  h_32d60cd4daf66e 29-30,35,39,43
manuscript/part-6.md
  h_32d60cd4daf66e 27-29
manuscript/part-7.md
  h_32d60cd4daf66e 27,29,31,33
manuscript/part-8.md
  h_32d60cd4daf66e 17
manuscript/plan-acquisitions-separations.md
  h_32d60cd4daf66e 1,4,29,40,49,52,61,63,73,83,87,91,132,135,146,184,231,235,244,251,253,255,263
manuscript/plan-for-growth.md
  h_32d60cd4daf66e 1,4,27,32,34,38,43,51,62,88,92,97,109,156,159,173,177,182,195,199,201,203,211
manuscript/plan-investor-support.md
  h_32d60cd4daf66e 1,4,24,26,37,41,59,66,71,83,88,92,98,100,105,119,124,132,136,140,157,159,168,172,195,199,213,217,220,226,228,237
manuscript/scale-the-team-down.md
  h_32d60cd4daf66e 1,4,28,41,43,76,79,87,107,153,161,180,194,199,204,228,253,258,281,292,295,297,301,303,310
manuscript/scale-the-team-up.md
  h_32d60cd4daf66e 1,4,28,31,39,57,63,70,88,97,104,114,127,157,187,189,200,204,213,222,225,227,229,236,238,246
manuscript/scale-the-team-with-ai.md
  h_32d60cd4daf66e 29,114,140,145,151,176,288
manuscript/section-10.md
  h_32d60cd4daf66e 4
manuscript/set-priorities.md
  h_32d60cd4daf66e 1,4,26,37,73,84,89,93,102,109,113,122,126,133,139,157,162,164,171
manuscript/set-terms-of-help.md
  h_32d60cd4daf66e 1,4,24,34,37,57,64,71,88,92,99,106,110,131,134,136,138,140,152,165,169,171,179
manuscript/success-for-whom.md
  h_32d60cd4daf66e 4,53,68,75,79,81,85,95,113,118,142,146
manuscript/teamsystem.md
  h_32d60cd4daf66e 4,32,55,98,190,206,210
manuscript/technology-operating-partners.md
  h_32d60cd4daf66e 1,4,30,32,43,50,54,60,69,88,92,109,133,138,144,148,152,155,162,169,171,178,187,194,198,200,203,209,211,216,220,229
manuscript/test-revenue-assumptions.md
  h_32d60cd4daf66e 1,4,36,39,45,62,65,85,101,104,124,128,145,149,156,172,187,191,209,222,224,232
manuscript/toolkit.md
  h_32d60cd4daf66e 35-38,40-41,44-47,58,70,90,113,115,134,161,171,192,213,232,240,277,308,324,335,353,368,388
manuscript/toys-r-us.md
  h_32d60cd4daf66e 4,27,128,164,175-176
manuscript/understand-cash-flow.md
  h_32d60cd4daf66e 1,4,25,27,36,40,43,71,75,78,92,109,183,185,199,203,207,224,242,253,255,258,260,268
manuscript/understand-expectations.md
  h_32d60cd4daf66e 1,4,29,33,42,55,59,68,72,83,99,106,111,121,144,153,167,169,172,174,182
manuscript/understand-funding-choices.md
  h_32d60cd4daf66e 1,4,29,34,47,53,58,62,72,92,127,129,132,134,136,143,147,149,157
manuscript/understand-funding-control.md
  h_32d60cd4daf66e 1,4,33,48,84,88,114,118,125,129,134,136,167,170,172,180
manuscript/understand-investor-returns.md
  h_32d60cd4daf66e 1,4,28,45,48,62,83,100,124,128,131,142,146,153,156,164,166,174
manuscript/understand-valuation.md
  h_32d60cd4daf66e 1,4,30,33,40,53,68,72,76,85,88,99,103,116,129,142,149,151,155,166,169,175,177,180,182,190
manuscript/use-diligence.md
  h_32d60cd4daf66e 1,4,25,29,38,55,74,78,89,106,114,123,132,140,150,162,169,173,190,197,204,212
manuscript/visma.md
  h_32d60cd4daf66e 4,71,80,121,130
---
{
  "schema_version": "authorship/3.0.0",
  "git_ai_version": "1.7.4",
  "base_commit_sha": "6d07b8ae430080932efb847fed0a9bfef0cc350d",
  "prompts": {},
  "humans": {
    "h_32d60cd4daf66e": {
      "author": "Zeljko Obrenovic <zeljkoobrenovic@yahoo.com>"
    }
  }
}